Date	Temp	Press	Counts	PCC	Err PCC	PTCC	Err PTCC
17/01/2026 08:00:00	19,0	869,39	13933	14062,15	119,37	14151,48	118,42
17/01/2026 09:00:00	19,3	869,71	14063	14201,14	119,38	14298,20	118,43
17/01/2026 10:00:00	19,3	869,93	14045	14188,30	119,38	14285,28	118,43
17/01/2026 11:00:00	19,5	869,65	13772	13905,85	119,35	14005,38	118,41
17/01/2026 12:00:00	19,7	869,24	13833	13957,64	119,36	14062,04	118,41
17/01/2026 13:00:00	19,9	869,18	13854	13977,40	119,36	14086,44	118,41
17/01/2026 14:00:00	20,0	869,17	14009	14133,53	119,37	14246,08	118,42
17/01/2026 15:00:00	20,1	869,28	13930	14056,48	119,37	14170,68	118,42
17/01/2026 16:00:00	20,0	869,38	13847	13975,12	119,36	14086,40	118,41
17/01/2026 17:00:00	19,8	869,55	13964	14097,30	119,37	14205,01	118,42
17/01/2026 18:00:00	19,6	870,03	13899	14043,22	119,37	14145,99	118,42
17/01/2026 19:00:00	19,7	870,19	13891	14038,98	119,37	14143,98	118,42
17/01/2026 20:00:00	19,6	870,21	13805	13952,54	119,36	14054,65	118,41
17/01/2026 21:00:00	19,7	870,45	13779	13931,98	119,36	14036,19	118,41
17/01/2026 22:00:00	19,8	870,45	13907	14061,40	119,37	14168,84	118,42
17/01/2026 23:00:00	19,7	870,66	13736	13893,50	119,35	13997,42	118,41
18/01/2026 00:00:00	19,6	870,68	13796	13952,12	119,34	14054,22	118,42
18/01/2026 01:00:00	19,5	870,52	13902	14055,53	119,35	14156,13	118,43
18/01/2026 02:00:00	19,3	870,46	13798	13948,97	119,34	14044,31	118,42
18/01/2026 03:00:00	19,3	870,22	13603	13746,28	119,32	13840,24	118,41
18/01/2026 04:00:00	19,4	869,96	14023	14164,50	119,36	14263,59	118,44
18/01/2026 05:00:00	19,4	869,69	13905	14038,92	119,35	14137,14	118,43
18/01/2026 06:00:00	19,4	869,92	13983	14123,14	119,35	14221,95	118,44
18/01/2026 07:00:00	19,3	869,95	13977	14117,79	119,35	14214,29	118,44
18/01/2026 08:00:00	19,3	870,31	13957	14106,14	119,35	14202,56	118,44
18/01/2026 09:00:00	19,3	870,73	13790	13947,22	119,34	14042,56	118,42
18/01/2026 10:00:00	19,2	871,02	13889	14054,22	119,35	14148,02	118,43
18/01/2026 11:00:00	19,2	870,95	13869	14032,32	119,35	14125,98	118,43
18/01/2026 12:00:00	19,2	870,47	13992	14145,33	119,35	14239,74	118,44
18/01/2026 13:00:00	19,3	870,09	13795	13937,25	119,34	14032,51	118,42
18/01/2026 14:00:00	19,3	869,97	14032	14173,83	119,36	14270,71	118,44
18/01/2026 15:00:00	19,4	870,02	13882	14023,49	119,34	14121,60	118,43
18/01/2026 16:00:00	19,2	869,91	13991	14138,82	119,18	14241,33	118,49
18/01/2026 17:00:00	18,9	870,31	13731	13885,94	119,16	13979,91	118,47
18/01/2026 18:00:00	18,6	870,25	13849	14003,78	119,17	14091,78	118,48
18/01/2026 19:00:00	18,5	870,54	14045	14209,30	119,19	14296,31	118,49
18/01/2026 20:00:00	18,6	870,43	13988	14148,86	119,18	14237,78	118,49
18/01/2026 21:00:00	18,6	870,62	14004	14169,83	119,18	14258,88	118,49
18/01/2026 22:00:00	18,4	870,64	14038	14204,74	119,19	14289,44	118,49
18/01/2026 23:00:00	18,2	870,61	13954	14118,99	119,18	14198,63	118,49
19/01/2026 00:00:00	18,2	870,26	13902	14057,62	119,17	14136,92	118,48
19/01/2026 01:00:00	18,3	870,28	13871	14026,78	119,17	14108,15	118,48
19/01/2026 02:00:00	18,1	870,25	13965	14121,08	119,18	14198,46	118,49
19/01/2026 03:00:00	17,8	869,95	13818	13964,98	119,16	14034,78	118,47
19/01/2026 04:00:00	17,7	869,92	14105	14254,27	119,19	14323,22	118,49
19/01/2026 05:00:00	17,5	869,75	13873	14015,58	119,17	14078,87	118,48
19/01/2026 06:00:00	17,3	869,92	13886	14032,96	119,17	14091,82	118,48
19/01/2026 07:00:00	17,1	870,19	13990	14144,85	119,18	14199,64	118,49
19/01/2026 08:00:00	17,0	870,43	14018	14179,21	119,18	14231,85	118,49
19/01/2026 09:00:00	17,1	870,74	14044	14213,34	119,19	14268,39	118,49
19/01/2026 10:00:00	17,4	870,85	13941	14111,86	119,18	14173,32	118,48
19/01/2026 11:00:00	17,9	870,56	13667	13827,37	119,15	13898,70	118,46
19/01/2026 12:00:00	18,3	870,27	13887	14042,71	119,17	14124,18	118,48
19/01/2026 13:00:00	18,7	870,19	14086	14241,91	119,19	14333,70	118,50
19/01/2026 14:00:00	18,9	870,08	14032	14184,54	119,18	14280,53	118,49
19/01/2026 15:00:00	19,1	870,28	13903	14059,13	119,17	14158,80	118,48
19/01/2026 16:00:00	18,5	870,41	14002	14162,52	119,18	14249,24	118,49
19/01/2026 17:00:00	17,5	870,51	13938	14100,29	119,18	14163,97	118,48
19/01/2026 18:00:00	17,0	870,66	13974	14140,48	119,18	14192,99	118,48
19/01/2026 19:00:00	16,7	870,72	13852	14018,53	119,17	14063,83	118,48
19/01/2026 20:00:00	16,8	870,69	13890	14056,23	119,17	14103,91	118,48
19/01/2026 21:00:00	15,9	870,56	13923	14086,37	119,17	14113,82	118,48
19/01/2026 22:00:00	15,6	870,98	13832	14004,76	119,17	14025,32	118,47
19/01/2026 23:00:00	15,6	870,92	13239	13402,92	119,11	13422,60	118,43
20/01/2026 00:00:00	15,7	870,66	12780	12932,26	119,07	12953,32	118,39
20/01/2026 01:00:00	15,7	870,55	12967	13118,92	119,09	13140,28	118,41
20/01/2026 02:00:00	15,7	870,18	13023	13166,91	119,09	13188,35	118,41
20/01/2026 03:00:00	15,7	870,19	12949	13092,33	119,08	13113,65	118,41
20/01/2026 04:00:00	15,7	869,83	13256	13394,15	119,11	13415,96	118,43
20/01/2026 05:00:00	15,9	869,72	13337	13473,35	119,12	13499,61	118,43
20/01/2026 06:00:00	15,9	869,41	13246	13374,05	119,11	13400,11	118,43
20/01/2026 07:00:00	15,7	869,65	13282	13416,12	119,11	13437,97	118,43
20/01/2026 08:00:00	15,5	869,67	13097	13229,72	119,10	13247,03	118,41
20/01/2026 09:00:00	15,6	869,86	13217	13355,45	119,11	13375,06	118,42
20/01/2026 10:00:00	15,8	869,58	13283	13415,46	119,11	13439,46	118,43
20/01/2026 11:00:00	16,2	869,11	13263	13384,07	119,11	13416,59	118,43
20/01/2026 12:00:00	16,7	868,43	13256	13360,84	119,11	13404,02	118,43
20/01/2026 13:00:00	17,2	867,65	13397	13484,24	119,12	13538,63	118,44
20/01/2026 14:00:00	17,6	867,38	13208	13287,63	119,10	13349,77	118,42
20/01/2026 15:00:00	17,7	866,97	13272	13342,28	119,11	13406,82	118,43
20/01/2026 16:00:00	17,7	866,75	13173	13237,58	119,10	13301,61	118,42
20/01/2026 17:00:00	17,5	866,51	13352	13411,73	119,11	13472,29	118,43
20/01/2026 18:00:00	17,4	866,37	13181	13236,67	119,10	13294,32	118,42
20/01/2026 19:00:00	17,1	865,99	13323	13370,23	119,11	13422,02	118,43
20/01/2026 20:00:00	16,8	865,37	13313	13345,47	119,11	13390,74	118,43
20/01/2026 21:00:00	16,9	864,93	13368	13390,13	119,11	13437,69	118,43
20/01/2026 22:00:00	16,8	864,32	13289	13296,56	119,10	13341,67	118,42
21/01/2026 00:00:00	15,5	862,45	13283	13246,44	119,10	13262,92	118,42
21/01/2026 01:00:00	15,3	861,93	13232	13183,38	119,09	13195,35	118,41
21/01/2026 02:00:00	15,1	861,16	13378	13310,61	119,10	13319,50	118,42
21/01/2026 03:00:00	14,8	860,41	13332	13247,16	119,10	13250,50	118,42
21/01/2026 04:00:00	14,6	859,57	13347	13242,27	119,10	13240,94	118,41
21/01/2026 05:00:00	14,5	859,07	13508	13390,09	119,11	13385,97	118,42
21/01/2026 06:00:00	14,4	858,60	13470	13341,27	119,11	13334,60	118,42
21/01/2026 07:00:00	14,4	858,17	13616	13475,57	119,12	13469,26	118,43
21/01/2026 08:00:00	14,3	857,95	13500	13355,54	119,11	13347,16	118,42
21/01/2026 09:00:00	14,3	857,62	13495	13342,76	119,11	13334,39	118,42
21/01/2026 10:00:00	14,7	857,19	13848	13681,31	119,14	13681,47	118,45
21/01/2026 11:00:00	15,3	856,17	13884	13692,02	119,14	13705,55	118,45
21/01/2026 12:00:00	15,7	855,51	13902	13693,69	119,14	13715,33	118,45
21/01/2026 13:00:00	16,0	854,90	13768	13546,99	119,12	13575,35	118,44
21/01/2026 14:00:00	16,2	854,30	13718	13483,40	119,12	13515,08	118,43
21/01/2026 15:00:00	16,3	853,87	13732	13486,84	119,12	13522,21	118,43
21/01/2026 16:00:00	15,8	853,64	13896	13642,34	119,13	13666,08	118,45
21/01/2026 17:00:00	15,2	853,41	13650	13395,35	119,11	13406,22	118,43
21/01/2026 18:00:00	14,9	852,92	13717	13449,37	119,12	13452,98	118,43
21/01/2026 19:00:00	14,7	852,34	13714	13432,57	119,11	13433,37	118,43
21/01/2026 20:00:00	14,6	851,89	13735	13442,38	119,12	13439,96	118,43
21/01/2026 21:00:00	14,4	851,48	13903	13596,88	119,13	13589,87	118,44
21/01/2026 22:00:00	14,2	851,22	13832	13521,19	119,12	13510,33	118,43
21/01/2026 23:00:00	14,0	850,78	13921	13597,55	119,13	13582,28	118,44
22/01/2026 00:00:00	14,2	850,29	13848	13514,46	119,12	13503,82	118,43
22/01/2026 01:00:00	14,5	849,87	13792	13449,76	119,12	13446,05	118,43
22/01/2026 02:00:00	14,5	849,36	13904	13546,69	119,12	13541,87	118,44
22/01/2026 03:00:00	14,3	848,88	13783	13417,34	119,11	13408,71	118,43
22/01/2026 04:00:00	13,9	848,68	13989	13613,04	119,13	13596,01	118,44
22/01/2026 05:00:00	13,7	848,55	14049	13668,26	119,14	13647,24	118,44
22/01/2026 06:00:00	13,8	848,39	13945	13563,22	119,13	13543,01	118,44
22/01/2026 07:00:00	13,7	848,41	14132	13745,59	119,14	13724,45	118,45
22/01/2026 08:00:00	13,8	848,23	14086	13696,46	119,14	13676,06	118,45
22/01/2026 09:00:00	13,8	848,25	13980	13593,88	119,13	13574,93	118,44
22/01/2026 10:00:00	14,0	848,16	14010	13620,87	119,13	13606,88	118,44
22/01/2026 11:00:00	14,6	847,85	14100	13700,82	119,14	13698,35	118,45
22/01/2026 12:00:00	15,1	847,59	14171	13763,44	119,14	13772,63	118,45
22/01/2026 13:00:00	15,4	847,49	14099	13691,08	119,14	13706,79	118,45
22/01/2026 14:00:00	15,6	847,62	14030	13627,22	119,13	13646,79	118,44
22/01/2026 15:00:00	15,6	847,71	14216	13810,09	119,15	13830,37	118,46
22/01/2026 16:00:00	15,6	848,03	13953	13562,32	119,13	13581,36	118,44
22/01/2026 17:00:00	15,3	848,28	14114	13724,91	119,14	13738,03	118,45
22/01/2026 18:00:00	14,9	848,56	13949	13571,21	119,13	13574,85	118,44
22/01/2026 19:00:00	14,5	848,63	13931	13555,39	119,13	13552,30	118,44
22/01/2026 20:00:00	14,4	848,67	13927	13552,46	119,12	13546,77	118,44
22/01/2026 21:00:00	14,3	848,56	14029	13649,05	119,13	13641,57	118,44
22/01/2026 22:00:00	14,2	848,74	14014	13638,82	119,13	13627,86	118,44
22/01/2026 23:00:00	14,0	848,87	14047	13674,10	119,14	13658,53	118,44
23/01/2026 00:00:00	14,1	848,70	14073	13695,26	119,14	13681,64	118,45
23/01/2026 01:00:00	14,2	848,68	14062	13684,07	119,14	13673,52	118,45
23/01/2026 02:00:00	14,2	848,59	14089	13708,15	119,14	13697,58	118,45
23/01/2026 03:00:00	14,2	848,52	14071	13688,94	119,14	13678,38	118,45
23/01/2026 04:00:00	14,2	848,60	14058	13678,23	119,14	13667,69	118,45
23/01/2026 05:00:00	14,1	848,63	14270	13885,25	119,16	13873,21	118,46
23/01/2026 06:00:00	14,0	848,97	14085	13713,53	119,14	13699,44	118,45
23/01/2026 07:00:00	14,0	849,40	14310	13943,25	119,16	13926,93	118,46
23/01/2026 08:00:00	14,0	849,64	14244	13884,87	119,16	13869,28	118,46
23/01/2026 09:00:00	14,1	849,82	14320	13963,42	119,16	13949,97	118,47
23/01/2026 10:00:00	14,2	849,73	14227	13870,51	119,15	13858,71	118,46
23/01/2026 11:00:00	14,6	849,51	14107	13748,14	119,14	13746,55	118,45
23/01/2026 12:00:00	15,2	849,44	14017	13658,73	119,13	13669,38	118,45
23/01/2026 13:00:00	15,5	849,51	14130	13770,56	119,14	13787,47	118,45
23/01/2026 14:00:00	15,7	849,48	14140	13798,34	119,33	13812,91	118,41
23/01/2026 15:00:00	15,7	849,58	14260	13917,79	119,34	13931,37	118,41
23/01/2026 16:00:00	15,6	850,07	13956	13632,33	119,31	13643,45	118,39
23/01/2026 17:00:00	15,5	850,37	14030	13711,54	119,32	13721,63	118,40
23/01/2026 18:00:00	15,2	850,28	14044	13723,14	119,32	13727,09	118,40
23/01/2026 19:00:00	15,2	850,14	14047	13722,84	119,32	13725,25	118,40
23/01/2026 20:00:00	15,4	850,32	14126	13804,20	119,33	13811,04	118,41
23/01/2026 21:00:00	15,5	850,42	14083	13764,50	119,32	13773,52	118,40
23/01/2026 22:00:00	15,5	850,61	14156	13840,28	119,33	13849,35	118,41
23/01/2026 23:00:00	15,3	850,65	14211	13894,99	119,33	13901,20	118,41
24/01/2026 00:00:00	15,3	850,66	14059	13746,60	119,32	13752,31	118,40
24/01/2026 01:00:00	15,4	850,58	14127	13811,23	119,33	13818,73	118,41
24/01/2026 02:00:00	15,3	850,39	13975	13658,25	119,31	13663,93	118,39
24/01/2026 03:00:00	15,3	850,30	14187	13863,34	119,33	13868,00	118,41
24/01/2026 04:00:00	15,2	850,12	14331	13999,81	119,34	14003,39	118,42
24/01/2026 05:00:00	15,2	850,02	14106	13777,69	119,32	13781,65	118,40
24/01/2026 06:00:00	15,3	849,91	14271	13936,27	119,34	13942,06	118,42
24/01/2026 07:00:00	15,3	850,19	14175	13849,05	119,33	13854,81	118,41
24/01/2026 08:00:00	15,2	850,66	14147	13832,64	119,33	13836,18	118,41
24/01/2026 09:00:00	15,2	851,01	14147	13840,80	119,33	13844,34	118,41
24/01/2026 10:00:00	15,2	850,92	14071	13764,36	119,32	13767,44	118,40
24/01/2026 11:00:00	15,1	850,67	14137	13823,10	119,33	13824,42	118,41
24/01/2026 12:00:00	15,2	850,30	14098	13776,37	119,32	13779,45	118,40
24/01/2026 13:00:00	15,2	850,10	14170	13842,07	119,33	13846,05	118,41
24/01/2026 14:00:00	15,3	850,79	14092	13781,88	119,32	13788,05	118,40
24/01/2026 15:00:00	15,5	851,36	14055	13758,90	119,32	13767,92	118,40
24/01/2026 16:00:00	15,5	851,90	14103	13818,45	119,33	13829,06	118,41
24/01/2026 17:00:00	15,6	852,06	14076	13795,72	119,33	13808,07	118,41
24/01/2026 18:00:00	15,6	851,98	14081	13798,76	119,33	13811,12	118,41
24/01/2026 19:00:00	15,6	851,78	14110	13822,52	119,33	13835,34	118,41
24/01/2026 20:00:00	15,7	852,48	14113	13841,77	119,33	13855,94	118,41
24/01/2026 21:00:00	15,7	852,34	14087	13813,01	119,33	13827,59	118,41
24/01/2026 22:00:00	15,7	852,21	14171	13892,33	119,33	13907,00	118,41
24/01/2026 23:00:00	15,7	851,90	14126	13840,99	119,33	13855,16	118,41
25/01/2026 00:00:00	15,6	851,34	14192	13892,55	119,33	13904,99	118,41
25/01/2026 01:00:00	15,6	850,96	14193	13884,63	119,33	13897,07	118,41
25/01/2026 02:00:00	15,5	850,34	14258	13933,66	119,34	13943,91	118,42
25/01/2026 03:00:00	15,5	849,64	14350	14007,04	119,34	14017,35	118,42
25/01/2026 04:00:00	15,4	849,12	14150	13799,73	119,33	13807,67	118,41
25/01/2026 05:00:00	15,3	848,45	14277	13907,88	119,34	13913,66	118,41
25/01/2026 06:00:00	15,3	847,97	14175	13797,36	119,33	13802,65	118,41
25/01/2026 07:00:00	15,2	847,55	14089	13703,95	119,32	13706,36	118,40
25/01/2026 08:00:00	15,1	847,08	14335	13932,19	119,34	13933,08	118,41
25/01/2026 09:00:00	15,0	846,44	14316	13898,73	119,33	13897,40	118,41
25/01/2026 10:00:00	15,0	846,18	14199	13779,11	119,32	13778,22	118,40
25/01/2026 11:00:00	15,0	845,75	14156	13727,43	119,32	13726,55	118,40
25/01/2026 12:00:00	14,9	845,29	14497	14047,22	119,35	14044,07	118,42
25/01/2026 13:00:00	14,9	844,71	14272	13815,70	119,33	13812,16	118,41
25/01/2026 14:00:00	15,0	844,91	14307	13854,24	119,33	13852,25	118,41
25/01/2026 15:00:00	15,0	844,78	14293	13837,66	119,33	13836,77	118,41
25/01/2026 16:00:00	15,0	844,64	14365	13904,08	119,33	13903,19	118,41
25/01/2026 17:00:00	14,8	844,82	14420	13961,55	119,34	13955,74	118,42
25/01/2026 18:00:00	14,7	845,12	14403	13952,14	119,34	13943,44	118,42
25/01/2026 19:00:00	14,5	845,50	14379	13937,81	119,34	13925,33	118,41
25/01/2026 20:00:00	14,5	845,59	14412	13971,92	119,34	13960,30	118,42
25/01/2026 21:00:00	14,6	845,62	14206	13772,90	119,32	13763,21	118,40
25/01/2026 22:00:00	14,9	845,69	14403	13965,54	119,34	13961,97	118,42
25/01/2026 23:00:00	14,8	845,71	14442	14003,83	119,34	13997,33	118,42
26/01/2026 00:00:00	14,7	845,45	14362	13920,16	119,34	13911,48	118,41
26/01/2026 01:00:00	14,4	845,40	14214	13775,55	119,32	13761,90	118,40
26/01/2026 02:00:00	14,2	845,28	14360	13914,24	119,34	13895,55	118,41
26/01/2026 03:00:00	14,1	845,71	14404	13966,98	119,34	13946,45	118,42
26/01/2026 04:00:00	14,2	845,98	14275	13848,19	119,33	13829,60	118,41
26/01/2026 05:00:00	14,1	846,24	14354	13930,93	119,34	13910,00	118,41
26/01/2026 06:00:00	14,1	846,59	14209	13798,34	119,33	13777,17	118,40
26/01/2026 07:00:00	14,0	846,92	14410	14001,31	119,34	13976,92	118,42
26/01/2026 08:00:00	13,8	847,63	14272	13883,82	119,33	13855,20	118,41
26/01/2026 09:00:00	13,6	848,25	14196	13824,32	119,33	13792,96	118,40
26/01/2026 10:00:00	13,8	848,51	14411	14039,84	119,35	14012,47	118,42
26/01/2026 11:00:00	14,3	848,57	14079	13717,77	119,32	13700,45	118,40
26/01/2026 12:00:00	14,7	848,80	14255	13894,64	119,33	13885,97	118,41
26/01/2026 13:00:00	14,9	849,08	14263	13909,00	119,34	13906,32	118,41
26/01/2026 14:00:00	15,2	849,22	14137	13789,37	119,33	13792,46	118,40
26/01/2026 15:00:00	15,2	849,50	14379	14032,04	119,35	14035,18	118,42
26/01/2026 16:00:00	15,1	850,14	14264	13934,83	119,34	13936,16	118,42
26/01/2026 17:00:00	15,1	850,91	14158	13849,23	119,33	13849,45	118,41
26/01/2026 18:00:00	15,0	851,64	14114	13823,18	119,33	13821,85	118,41
26/01/2026 19:00:00	14,9	852,47	14172	13899,40	119,33	13896,73	118,41
26/01/2026 20:00:00	15,0	852,46	14234	13959,97	119,34	13958,63	118,42
26/01/2026 21:00:00	15,1	852,74	14227	13959,69	119,34	13960,58	118,42
26/01/2026 22:00:00	14,8	853,59	14141	13895,19	119,33	13889,41	118,41
26/01/2026 23:00:00	14,5	853,68	14091	13848,16	119,33	13836,20	118,41
27/01/2026 00:00:00	14,3	853,63	14027	13784,10	119,32	13767,79	118,40
27/01/2026 01:00:00	14,2	853,55	14359	14108,45	119,35	14089,50	118,43
27/01/2026 02:00:00	14,1	853,22	14253	13996,51	119,34	13974,37	118,42
27/01/2026 03:00:00	13,9	852,92	14219	13956,07	119,34	13930,65	118,41
27/01/2026 04:00:00	13,9	852,85	14240	13975,04	119,34	13948,46	118,42
27/01/2026 05:00:00	13,9	852,53	14043	13774,27	119,32	13748,74	118,40
27/01/2026 06:00:00	13,9	852,56	14024	13756,33	119,32	13731,27	118,40
27/01/2026 07:00:00	13,9	852,61	14218	13947,81	119,34	13922,40	118,41
27/01/2026 08:00:00	13,9	852,96	14113	13852,97	119,33	13827,29	118,41
27/01/2026 09:00:00	14,0	852,94	14102	13841,70	119,33	13817,59	118,41
27/01/2026 10:00:00	14,3	852,78	14150	13885,07	119,33	13868,20	118,41
27/01/2026 11:00:00	14,8	852,25	14245	13965,82	119,34	13960,90	118,42
27/01/2026 12:00:00	15,3	851,95	14187	13901,93	119,33	13907,71	118,41
27/01/2026 13:00:00	15,6	851,77	14203	13913,39	119,34	13925,85	118,41
27/01/2026 14:00:00	15,7	851,68	14232	13939,68	119,34	13954,85	118,42
27/01/2026 15:00:00	15,8	851,45	14140	13844,21	119,33	13861,48	118,41
27/01/2026 16:00:00	15,6	851,31	14061	13763,62	119,32	13775,94	118,40
27/01/2026 17:00:00	15,6	851,14	14097	13794,90	119,33	13807,26	118,41
27/01/2026 18:00:00	15,6	851,16	13994	13694,57	119,32	13705,74	118,40
27/01/2026 19:00:00	15,4	851,08	13999	13697,62	119,32	13705,94	118,40
27/01/2026 20:00:00	15,4	850,93	14144	13836,00	119,33	13844,41	118,41
27/01/2026 21:00:00	15,5	850,83	13979	13672,29	119,32	13681,91	118,40
27/01/2026 22:00:00	15,3	850,45	14223	13902,03	119,33	13907,37	118,41
27/01/2026 23:00:00	15,2	849,68	14241	13901,59	119,33	13905,14	118,41
28/01/2026 00:00:00	15,2	849,01	14203	13848,85	119,33	13852,83	118,41
28/01/2026 01:00:00	15,2	848,36	14344	13971,03	119,34	13975,05	118,42
28/01/2026 02:00:00	15,2	847,33	14305	13908,89	119,34	13912,45	118,41
28/01/2026 03:00:00	15,1	846,88	14276	13870,18	119,33	13871,06	118,41
28/01/2026 04:00:00	15,0	846,11	14342	13916,24	119,34	13915,34	118,41
28/01/2026 05:00:00	15,0	845,42	14382	13938,84	119,34	13937,50	118,42
28/01/2026 06:00:00	14,9	845,03	14240	13792,15	119,33	13789,06	118,40
28/01/2026 07:00:00	14,8	844,20	14427	13953,75	119,34	13948,83	118,42
28/01/2026 08:00:00	14,9	843,28	14497	13999,74	119,34	13996,60	118,42
28/01/2026 09:00:00	15,0	842,64	14517	14003,95	119,34	14003,05	118,42
28/01/2026 10:00:00	15,0	842,12	14390	13869,28	119,33	13868,39	118,41
28/01/2026 11:00:00	14,9	841,30	14362	13823,19	119,33	13820,53	118,41
28/01/2026 12:00:00	15,0	840,44	14231	13677,27	119,32	13675,96	118,40
28/01/2026 13:00:00	14,8	840,06	14321	13754,96	119,32	13749,68	118,40
28/01/2026 14:00:00	14,7	839,91	14495	13918,57	119,34	13911,00	118,41
28/01/2026 15:00:00	14,7	839,68	14342	13766,32	119,32	13758,83	118,40
28/01/2026 16:00:00	14,8	839,63	14290	13715,25	119,32	13709,54	118,40
28/01/2026 17:00:00	14,8	839,78	14413	13836,80	119,33	13831,49	118,41
28/01/2026 18:00:00	14,9	839,81	14284	13713,65	119,32	13710,58	118,40
28/01/2026 19:00:00	15,0	839,92	14465	13890,00	119,33	13889,10	118,41
29/01/2026 08:00:00	11,0	843,31	14344	13852,69	119,33	13762,37	118,40
29/01/2026 09:00:00	14,4	843,94	14157	13686,61	119,32	13672,60	118,40
29/01/2026 10:00:00	15,9	844,18	14400	13927,16	119,34	13945,88	118,42
29/01/2026 11:00:00	16,6	844,46	14329	13865,03	119,33	13899,66	118,41
29/01/2026 12:00:00	17,0	844,58	14278	13818,48	119,33	13862,30	118,41
29/01/2026 13:00:00	17,4	844,74	14484	14021,63	119,34	14073,51	118,43
29/01/2026 14:00:00	17,6	845,12	14312	13863,99	119,33	13921,30	118,41
29/01/2026 15:00:00	17,7	845,50	14269	13831,19	119,33	13889,70	118,41
29/01/2026 16:00:00	17,5	846,02	14112	13690,99	119,32	13744,51	118,40
29/01/2026 17:00:00	17,3	846,58	14268	13855,40	119,33	13905,56	118,41
29/01/2026 18:00:00	17,3	846,86	14184	13780,33	119,32	13829,55	118,41
29/01/2026 19:00:00	17,4	846,96	14424	14015,86	119,34	14068,85	118,43
29/01/2026 20:00:00	17,6	847,32	14146	13754,06	119,32	13810,04	118,41
29/01/2026 21:00:00	17,6	847,80	14218	13835,25	119,33	13892,00	118,41
29/01/2026 22:00:00	17,5	847,92	14204	13824,42	119,33	13878,91	118,41
29/01/2026 23:00:00	17,5	847,92	14248	13867,24	119,33	13921,45	118,41
30/01/2026 00:00:00	17,5	847,93	13995	13621,24	119,31	13674,92	118,40
30/01/2026 01:00:00	17,5	847,98	14339	13957,22	119,34	14011,78	118,42
30/01/2026 02:00:00	17,4	847,87	14424	14037,36	119,35	14090,43	118,43
30/01/2026 03:00:00	17,3	848,00	14321	13940,17	119,34	13989,97	118,42
30/01/2026 04:00:00	17,1	848,01	14341	13959,88	119,34	14006,38	118,42
30/01/2026 05:00:00	17,0	848,10	14136	13762,41	119,32	13806,05	118,41
30/01/2026 06:00:00	16,9	848,37	14205	13835,88	119,33	13875,98	118,41
30/01/2026 07:00:00	16,6	848,68	14092	13732,98	119,32	13767,72	118,40
30/01/2026 08:00:00	16,5	848,76	14341	13977,52	119,34	14010,19	118,42
30/01/2026 09:00:00	16,6	848,92	14093	13739,51	119,32	13774,27	118,40
30/01/2026 10:00:00	16,8	848,99	14299	13941,99	119,34	13980,61	118,42
30/01/2026 11:00:00	17,3	848,70	14304	13940,05	119,34	13989,85	118,42
30/01/2026 12:00:00	17,8	848,42	14288	13917,89	119,34	13978,78	118,42
30/01/2026 13:00:00	17,9	848,33	14121	13753,13	119,32	13815,07	118,41
30/01/2026 14:00:00	18,1	848,48	14347	13976,78	119,34	14044,88	118,42
30/01/2026 15:00:00	18,1	848,81	14433	14068,38	119,35	14136,93	118,43
30/01/2026 16:00:00	17,9	848,98	14110	13757,48	119,32	13820,09	118,41
30/01/2026 17:00:00	17,5	849,12	14093	13744,14	119,32	13797,87	118,40
30/01/2026 18:00:00	17,2	849,26	14157	13809,81	119,33	13857,15	118,41
30/01/2026 19:00:00	17,2	849,41	14057	13715,73	119,32	13762,74	118,40
30/01/2026 20:00:00	17,1	849,56	14196	13854,86	119,33	13900,57	118,41
30/01/2026 21:00:00	17,0	849,73	14069	13734,84	119,32	13778,39	118,40
30/01/2026 22:00:00	16,8	849,83	14167	13832,84	119,33	13872,27	118,41
30/01/2026 23:00:00	16,7	849,81	14308	13970,05	119,34	14007,18	118,42
31/01/2026 00:00:00	16,7	849,58	14097	13758,70	119,32	13795,27	118,40
31/01/2026 01:00:00	16,7	849,46	14308	13961,81	119,34	13998,47	118,42
31/01/2026 02:00:00	16,5	849,28	13990	13647,37	119,31	13678,83	118,40
31/01/2026 03:00:00	16,2	849,10	14210	13857,78	119,33	13882,39	118,41
31/01/2026 04:00:00	15,8	849,05	14287	13931,70	119,34	13949,08	118,42
31/01/2026 05:00:00	15,9	849,36	14304	13955,56	119,34	13973,64	118,42
31/01/2026 06:00:00	16,1	849,75	14315	13975,47	119,34	13999,17	118,42
31/01/2026 07:00:00	16,2	850,12	14342	14010,56	119,34	14035,45	118,42
31/01/2026 09:00:00	16,3	850,91	14242	13931,40	119,34	13959,49	118,42
31/01/2026 10:00:00	16,5	851,19	14330	14024,09	119,34	14056,87	118,42
31/01/2026 11:00:00	16,8	851,22	14190	13887,78	119,33	13926,25	118,41
31/01/2026 14:00:00	17,6	851,53	14149	13854,89	119,33	13911,72	118,41
31/01/2026 15:00:00	17,8	851,73	14120	13831,15	119,33	13892,33	118,41
31/01/2026 16:00:00	17,8	852,14	14346	14062,23	119,35	14124,43	118,43
31/01/2026 17:00:00	17,7	852,71	14136	13869,70	119,33	13928,82	118,41
31/01/2026 18:00:00	17,1	852,90	14048	13787,77	119,33	13833,26	118,41
31/01/2026 19:00:00	16,8	853,28	14140	13886,95	119,33	13926,09	118,41
31/01/2026 20:00:00	16,6	853,32	14243	13989,05	119,34	14023,99	118,42
31/01/2026 21:00:00	16,8	853,69	14154	13910,30	119,34	13949,51	118,42
31/01/2026 22:00:00	16,8	854,12	14158	13924,32	119,34	13963,56	118,42
31/01/2026 23:00:00	16,7	854,27	14201	13970,14	119,34	14007,27	118,42
01/02/2026 00:00:00	16,5	854,26	14015	13786,93	119,33	13819,15	118,41
01/02/2026 01:00:00	16,2	854,28	14244	14012,68	119,34	14038,69	118,42
01/02/2026 02:00:00	15,7	854,28	14112	13882,82	119,33	13897,47	118,41
01/02/2026 03:00:00	15,7	854,04	14134	13898,84	119,33	13913,51	118,41
01/02/2026 04:00:00	15,6	854,11	14109	13875,89	119,33	13888,32	118,41
01/02/2026 05:00:00	15,5	854,01	14307	14068,25	119,35	14078,60	118,43
01/02/2026 06:00:00	15,3	854,26	14153	13922,68	119,34	13928,47	118,41
01/02/2026 07:00:00	15,2	854,54	14036	13814,10	119,33	13817,63	118,41
01/02/2026 08:00:00	15,2	854,88	14150	13934,28	119,34	13937,84	118,42
01/02/2026 09:00:00	15,3	855,04	14049	13838,55	119,33	13844,30	118,41
01/02/2026 10:00:00	15,6	855,35	14220	14014,30	119,34	14026,85	118,42
01/02/2026 11:00:00	16,1	855,14	14058	13849,75	119,33	13873,24	118,41
01/02/2026 12:00:00	16,5	854,92	14107	13892,87	119,33	13925,34	118,41
01/02/2026 13:00:00	16,8	854,67	14111	13890,96	119,33	13930,10	118,41
01/02/2026 14:00:00	17,2	854,54	14043	13820,99	119,33	13868,81	118,41
01/02/2026 15:00:00	17,4	854,39	14069	13843,08	119,33	13895,42	118,41
01/02/2026 16:00:00	17,7	854,41	13960	13736,30	119,32	13794,85	118,40
01/02/2026 17:00:00	17,8	854,79	13993	13777,58	119,32	13838,52	118,41
01/02/2026 18:00:00	17,2	854,89	14039	13825,20	119,33	13873,04	118,41
01/02/2026 19:00:00	17,1	854,78	14080	13863,01	119,33	13908,75	118,41
01/02/2026 20:00:00	17,1	854,88	14133	13917,54	119,34	13963,46	118,42
01/02/2026 21:00:00	17,0	855,05	14077	13866,36	119,33	13909,89	118,41
01/02/2026 22:00:00	16,7	855,11	14058	13849,05	119,33	13885,85	118,41
01/02/2026 23:00:00	16,4	854,86	14171	13954,49	119,34	13984,86	118,42
02/02/2026 00:00:00	15,8	854,74	14204	13984,16	119,34	14001,16	118,42
02/02/2026 01:00:00	15,9	854,35	14103	13875,60	119,33	13894,69	118,41
02/02/2026 02:00:00	15,8	853,81	13902	13665,41	119,32	13682,02	118,40
02/02/2026 03:00:00	15,8	853,76	14074	13833,31	119,33	13850,13	118,41
02/02/2026 04:00:00	15,6	853,46	14082	13834,18	119,33	13846,57	118,41
02/02/2026 05:00:00	15,0	853,14	14148	13891,53	119,33	13890,64	118,41
02/02/2026 06:00:00	14,7	853,44	14073	13824,88	119,33	13817,36	118,41
02/02/2026 07:00:00	14,4	853,75	14051	13810,47	119,33	13796,34	118,40
02/02/2026 08:00:00	14,4	854,03	14145	13909,42	119,34	13895,19	118,41
02/02/2026 09:00:00	14,4	853,73	14035	13794,28	119,33	13780,17	118,40
02/02/2026 10:00:00	14,8	854,09	14312	14075,07	119,35	14069,66	118,43
02/02/2026 11:00:00	14,9	854,01	14123	13887,32	119,33	13884,21	118,41
02/02/2026 12:00:00	15,1	853,65	14205	13959,49	119,34	13960,82	118,42
02/02/2026 13:00:00	15,1	853,39	14245	13992,67	119,34	13994,00	118,42
02/02/2026 14:00:00	15,1	853,43	14162	13912,07	119,34	13913,40	118,41
02/02/2026 15:00:00	15,2	853,59	14147	13901,08	119,33	13904,64	118,41